483.103819
379.611037
490.298052
486.646387
374.142832
420.545272
397.443993
458.350986
475.402076
388.283883
477.643383
376.848128
494.315957
474.920561
406.606313
479.581406
354.192943
425.204681
467.127275
444.481535
361.113556
336.505454
373.102633
348.828661
418.779093
437.261528
377.906374
403.527875
347.495728
360.069003
418.837849
381.676447
397.024212
504.798743
445.099197
453.959422
465.389934
349.530954
362.794589
356.328697
470.407036
380.226294
397.114078
356.952700
405.993754
381.966734
390.569600
380.180817
427.822640
427.349313
370.700771
315.749693
418.319229
400.839813
378.528806
372.116562
426.902448
360.835178
334.427469
398.742273
465.742906
441.571598
394.218464
380.984854
413.909227
444.108138
413.536326
389.206463
405.435649
524.693217
439.813469
440.326879
392.227543
382.944839
431.505420
349.468050
491.975433
318.782587
410.206706
346.958124
459.864298
401.159632
406.680097
423.402342
343.422458
473.525183
355.946675
415.463966
423.177409
352.279614
378.389959
350.065260
363.673977
463.973503
396.490600
416.917571
398.006580
313.077328
314.624507
431.884405
