665.563333
686.392735
648.666868
780.514778
602.900879
627.437707
679.475791
679.401181
626.878732
673.584322
617.508163
679.875952
636.106250
680.725379
595.477195
530.288735
599.715347
627.399907
737.218315
727.091888
536.959708
681.340113
536.589817
669.375574
549.034327
738.773500
530.827438
558.994357
640.769984
734.249529
642.688072
565.399638
587.635301
697.962889
736.959657
607.225566
606.520836
688.117413
556.631324
656.496657
731.204273
680.141430
695.077626
666.604636
670.331193
683.932030
673.701440
618.329217
593.094128
684.730543
707.702948
592.357659
545.159820
729.272741
664.403549
742.662377
645.270609
670.782842
594.681548
556.501846
684.850948
717.487014
583.977102
710.442510
710.590883
597.105998
644.802574
647.148752
637.622111
544.497013
614.775518
734.600669
663.048832
685.774639
649.779214
653.413889
567.722858
687.553911
686.408185
661.048158
677.288681
587.709382
648.699886
657.808175
594.381586
664.378246
615.003551
612.975236
735.787311
613.445263
644.465770
646.403236
734.040265
691.747851
818.529664
638.709414
652.625581
609.838970
667.939043
583.190311
