286.902814
291.529117
252.635272
315.273713
311.238352
362.152351
341.775212
302.811661
344.774062
215.908165
363.594033
233.062790
293.752059
230.843702
220.869175
261.399906
264.646072
264.605377
332.513160
329.789647
327.007570
343.110813
248.435510
330.748451
356.270318
268.481013
316.315959
290.869339
267.827327
357.936589
300.178143
298.140869
271.329106
316.049977
303.075271
282.073884
346.457503
366.689825
241.772604
369.567633
285.519324
341.106563
323.074963
295.398269
313.503111
301.642925
276.319193
313.092296
284.590178
320.930646
291.263647
331.799062
311.456004
285.228918
277.179598
325.250993
382.878793
295.127434
356.155447
321.478218
173.379092
294.400354
283.285604
288.431391
291.248306
333.475229
305.910213
228.796804
319.217014
256.924028
300.135336
291.041648
325.892211
360.509519
258.203771
309.807119
308.727020
350.204246
243.003920
317.716284
359.804553
318.308018
291.285996
286.307765
292.405765
279.757948
232.476976
380.321566
266.485683
321.442315
326.168734
340.171283
278.805286
283.906124
380.294035
343.900938
303.067312
286.002175
282.392184
283.054747
