912.849513
809.512933
903.511453
835.601904
964.696159
1021.628832
846.518415
917.009546
925.744606
916.398777
921.321824
937.650156
912.306546
943.955709
996.179204
896.194651
965.488002
938.189803
1024.194046
896.756061
941.738677
1007.230184
957.076103
917.067233
885.500202
882.966731
865.276307
804.845871
1015.201931
1059.525445
803.590275
944.031925
874.821006
951.508331
908.234792
970.641991
997.072009
909.478993
1014.999498
951.058625
810.400279
899.358052
879.674582
893.998658
814.927123
931.140680
925.750886
862.486587
881.457627
926.789191
869.493294
855.384553
979.801529
979.396296
839.297316
955.812751
1032.949181
836.858938
911.217675
866.937899
953.081908
901.026049
781.161031
965.368019
898.047431
938.372191
902.152219
762.353771
916.924475
970.725684
858.667022
901.582766
938.322224
911.214010
1028.158775
941.210994
977.110785
777.044037
957.853153
919.314243
911.357169
975.843663
893.619950
899.561557
828.881804
984.300398
876.227173
843.982336
919.828861
898.580828
890.858013
861.148591
951.263886
849.537911
932.165464
886.137450
808.177803
942.872196
965.476661
900.702734
