301.607029
351.068678
377.492840
346.797536
371.808585
346.413277
358.191474
318.845271
381.304158
347.892896
409.252989
416.150867
333.429082
388.780150
397.079015
282.436420
349.285090
294.979963
375.103526
269.608126
357.361171
341.243410
361.231386
307.525483
338.148951
406.974357
331.765900
327.418230
314.473609
325.924967
327.695064
343.410951
333.183101
354.901732
335.130992
348.129047
461.972014
457.833592
309.618900
373.022782
350.891258
310.151792
382.642395
294.147494
368.246402
383.587577
352.489711
346.952782
308.240264
379.625352
303.216651
372.081868
319.215809
311.107234
386.046089
362.092662
351.235084
372.459796
329.836983
317.070703
262.554742
338.582821
422.370030
359.359499
401.419726
349.206850
321.410746
365.682793
386.064585
321.686008
336.216017
351.233005
371.493609
338.320450
299.033973
327.175681
328.933957
307.468874
354.209831
361.508195
403.976246
364.197878
374.139205
493.826331
340.743708
353.373152
313.271248
352.152040
401.883669
376.064177
319.467063
306.237658
395.929417
324.262181
334.233925
391.045101
419.442276
420.731360
371.272494
374.228400
